100
6
0 13 18 17 18 8
13 0 17 15 0 2
18 17 0 20 8 8
17 15 20 0 7 9
18 0 8 7 0 4
8 2 8 9 4 0
6
0 0 0 5 0 0
0 0 0 0 4 0
0 0 0 0 0 8
5 0 0 0 0 0
0 4 0 0 0 0
0 0 8 0 0 0
6
0 700 19 80 821 0
700 0 0 108 0 247
19 0 0 653 43 573
80 108 653 0 376 392
821 0 43 376 0 479
0 247 573 392 479 0
6
0 785 864 473 224 809
785 0 33 0 633 963
864 33 0 214 0 853
473 0 214 0 83 253
224 633 0 83 0 933
809 963 853 253 933 0
6
0 0 20 18 5 17
0 0 6 12 20 0
20 6 0 20 12 18
18 12 20 0 11 6
5 20 12 11 0 0
17 0 18 6 0 0
6
0 853 902 471 474 856
853 0 355 337 71 406
902 355 0 997 0 0
471 337 997 0 169 392
474 71 0 169 0 96
856 406 0 392 96 0
6
0 0 0 0 0 7
0 0 0 0 0 0
0 0 0 0 0 0
0 0 0 0 0 0
0 0 0 0 0 0
7 0 0 0 0 0
6
0 9 4 7 20 17
9 0 7 0 19 11
4 7 0 7 0 6
7 0 7 0 0 6
20 19 0 0 0 0
17 11 6 6 0 0
6
0 7 1 0 14 20
7 0 9 5 6 2
1 9 0 7 0 0
0 5 7 0 10 0
14 6 0 10 0 0
20 2 0 0 0 0
6
0 14 1 13 17 14
14 0 5 0 12 0
1 5 0 17 19 19
13 0 17 0 9 0
17 12 19 9 0 4
14 0 19 0 4 0
6
0 15 11 0 18 14
15 0 7 20 16 13
11 7 0 14 20 4
0 20 14 0 11 10
18 16 20 11 0 7
14 13 4 10 7 0
6
0 73 930 324 0 577
73 0 440 873 817 918
930 440 0 889 116 802
324 873 889 0 67 385
0 817 116 67 0 161
577 918 802 385 161 0
6
0 0 5 6 9 0
0 0 0 0 0 10
5 0 0 10 10 0
6 0 10 0 4 0
9 0 10 4 0 0
0 10 0 0 0 0
6
0 9 3 0 0 8
9 0 11 1 8 0
3 11 0 16 0 14
0 1 16 0 17 1
0 8 0 17 0 16
8 0 14 1 16 0
6
0 0 0 0 0 0
0 0 10 10 7 0
0 10 0 3 9 0
0 10 3 0 9 0
0 7 9 9 0 0
0 0 0 0 0 0
6
0 15 4 20 11 6
15 0 2 17 0 4
4 2 0 1 0 20
20 17 1 0 8 5
11 0 0 8 0 0
6 4 20 5 0 0
6
0 7 0 0 7 0
7 0 16 10 0 8
0 16 0 0 0 20
0 10 0 0 0 0
7 0 0 0 0 20
0 8 20 0 20 0
6
0 0 1 6 10 0
0 0 18 0 0 16
1 18 0 0 0 4
6 0 0 0 13 0
10 0 0 13 0 0
0 16 4 0 0 0
6
0 1 2 3 4 5
1 0 6 7 8 9
2 6 0 10 11 12
3 7 10 0 13 14
4 8 11 13 0 15
5 9 12 14 15 0
6
0 0 10 3 18 9
0 0 2 1 0 18
10 2 0 13 10 4
3 1 13 0 9 11
18 0 10 9 0 8
9 18 4 11 8 0
6
0 427 620 989 0 0
427 0 241 609 19 0
620 241 0 110 263 572
989 609 110 0 67 445
0 19 263 67 0 668
0 0 572 445 668 0
6
0 11 0 4 16 4
11 0 0 0 4 13
0 0 0 16 10 1
4 0 16 0 13 0
16 4 10 13 0 14
4 13 1 0 14 0
6
0 6 18 12 10 9
6 0 0 3 4 0
18 0 0 0 7 18
12 3 0 0 1 8
10 4 7 1 0 7
9 0 18 8 7 0
6
0 554 0 774 0 0
554 0 308 486 405 802
0 308 0 500 639 727
774 486 500 0 410 503
0 405 639 410 0 0
0 802 727 503 0 0
6
0 7 10 19 11 3
7 0 18 4 20 0
10 18 0 7 10 8
19 4 7 0 0 17
11 20 10 0 0 9
3 0 8 17 9 0
6
0 1 2 3 4 5
1 0 6 7 8 9
2 6 0 10 11 12
3 7 10 0 13 14
4 8 11 13 0 15
5 9 12 14 15 0
6
0 1 2 3 4 5
1 0 6 7 8 9
2 6 0 10 11 12
3 7 10 0 13 14
4 8 11 13 0 15
5 9 12 14 15 0
6
0 84 84 84 84 84
84 0 84 84 84 84
84 84 0 84 84 84
84 84 84 0 84 84
84 84 84 84 0 84
84 84 84 84 84 0
6
0 1 2 3 4 5
1 0 6 7 8 9
2 6 0 10 11 12
3 7 10 0 13 14
4 8 11 13 0 15
5 9 12 14 15 0
6
0 417 888 427 241 886
417 0 700 2 43 655
888 700 0 0 659 513
427 2 0 0 375 642
241 43 659 375 0 290
886 655 513 642 290 0
6
0 923 350 79 0 875
923 0 661 100 0 207
350 661 0 758 0 612
79 100 758 0 0 0
0 0 0 0 0 958
875 207 612 0 958 0
6
0 0 0 0 6 0
0 0 0 0 0 0
0 0 0 0 0 0
0 0 0 0 0 0
6 0 0 0 0 0
0 0 0 0 0 0
6
0 602 602 602 602 602
602 0 602 602 602 602
602 602 0 602 602 602
602 602 602 0 602 602
602 602 602 602 0 602
602 602 602 602 602 0
6
0 0 7 14 15 0
0 0 0 0 0 17
7 0 0 18 1 7
14 0 18 0 2 12
15 0 1 2 0 16
0 17 7 12 16 0
6
0 5 20 0 13 18
5 0 13 13 6 9
20 13 0 9 6 3
0 13 9 0 20 6
13 6 6 20 0 17
18 9 3 6 17 0
6
0 0 11 15 15 0
0 0 4 0 3 11
11 4 0 0 15 2
15 0 0 0 6 9
15 3 15 6 0 8
0 11 2 9 8 0
6
0 1 4 11 9 3
1 0 6 15 9 20
4 6 0 10 0 8
11 15 10 0 11 19
9 9 0 11 0 7
3 20 8 19 7 0
6
0 4 19 15 0 15
4 0 9 8 19 19
19 9 0 0 15 4
15 8 0 0 15 9
0 19 15 15 0 1
15 19 4 9 1 0
6
0 1 2 3 4 5
1 0 6 7 8 9
2 6 0 10 11 12
3 7 10 0 13 14
4 8 11 13 0 15
5 9 12 14 15 0
6
0 0 0 0 0 0
0 0 0 0 0 0
0 0 0 0 0 0
0 0 0 0 0 0
0 0 0 0 0 0
0 0 0 0 0 0
6
0 503 114 658 31 940
503 0 973 554 702 727
114 973 0 830 631 942
658 554 830 0 203 724
31 702 631 203 0 957
940 727 942 724 957 0
6
0 0 172 501 4 467
0 0 28 0 0 875
172 28 0 784 541 0
501 0 784 0 217 320
4 0 541 217 0 44
467 875 0 320 44 0
6
0 0 3 6 0 14
0 0 17 0 19 7
3 17 0 15 0 11
6 0 15 0 6 4
0 19 0 6 0 9
14 7 11 4 9 0
6
0 175 175 175 175 175
175 0 175 175 175 175
175 175 0 175 175 175
175 175 175 0 175 175
175 175 175 175 0 175
175 175 175 175 175 0
6
0 0 0 5 0 0
0 0 5 0 0 0
0 5 0 0 0 0
5 0 0 0 0 0
0 0 0 0 0 9
0 0 0 0 9 0
6
0 8 10 0 3 0
8 0 0 0 2 0
10 0 0 18 6 0
0 0 18 0 0 16
3 2 6 0 0 1
0 0 0 16 1 0
6
0 10 9 19 15 18
10 0 16 0 15 13
9 16 0 7 19 16
19 0 7 0 15 9
15 15 19 15 0 4
18 13 16 9 4 0
6
0 0 539 689 558 327
0 0 880 405 417 216
539 880 0 749 4 715
689 405 749 0 82 125
558 417 4 82 0 0
327 216 715 125 0 0
6
0 655 704 987 400 769
655 0 857 975 223 955
704 857 0 425 179 0
987 975 425 0 823 281
400 223 179 823 0 910
769 955 0 281 910 0
6
0 0 18 0 10 8
0 0 17 0 8 7
18 17 0 9 10 0
0 0 9 0 0 16
10 8 10 0 0 13
8 7 0 16 13 0
6
0 10 11 11 8 12
10 0 2 8 0 3
11 2 0 6 19 3
11 8 6 0 8 17
8 0 19 8 0 0
12 3 3 17 0 0
6
0 0 14 0 1 17
0 0 7 8 15 16
14 7 0 19 0 19
0 8 19 0 0 7
1 15 0 0 0 2
17 16 19 7 2 0
6
0 7 0 6 7 0
7 0 0 4 10 0
0 0 0 0 0 4
6 4 0 0 10 0
7 10 0 10 0 0
0 0 4 0 0 0
6
0 18 11 2 0 0
18 0 3 9 14 18
11 3 0 14 14 10
2 9 14 0 18 13
0 14 14 18 0 0
0 18 10 13 0 0
6
0 0 0 0 0 0
0 0 0 0 0 0
0 0 0 0 0 0
0 0 0 0 0 0
0 0 0 0 0 0
0 0 0 0 0 0
6
0 18 0 9 0 17
18 0 18 20 0 0
0 18 0 9 20 3
9 20 9 0 13 2
0 0 20 13 0 20
17 0 3 2 20 0
6
0 2 6 6 2 0
2 0 12 0 7 0
6 12 0 19 8 7
6 0 19 0 7 5
2 7 8 7 0 18
0 0 7 5 18 0
6
0 0 0 0 0 0
0 0 0 0 0 9
0 0 0 0 0 0
0 0 0 0 0 0
0 0 0 0 0 0
0 9 0 0 0 0
6
0 0 0 7 0 0
0 0 0 0 4 0
0 0 0 0 0 3
7 0 0 0 0 0
0 4 0 0 0 0
0 0 3 0 0 0
6
0 9 0 16 15 6
9 0 2 14 0 14
0 2 0 0 5 0
16 14 0 0 19 0
15 0 5 19 0 0
6 14 0 0 0 0
6
0 0 7 0 18 8
0 0 7 7 0 0
7 7 0 19 0 19
0 7 19 0 0 6
18 0 0 0 0 0
8 0 19 6 0 0
6
0 140 0 784 0 909
140 0 871 911 646 0
0 871 0 401 760 169
784 911 401 0 0 0
0 646 760 0 0 45
909 0 169 0 45 0
6
0 929 831 0 0 59
929 0 236 0 909 270
831 236 0 264 327 569
0 0 264 0 544 517
0 909 327 544 0 26
59 270 569 517 26 0
6
0 17 0 7 0 3
17 0 17 17 7 0
0 17 0 12 1 15
7 17 12 0 1 10
0 7 1 1 0 12
3 0 15 10 12 0
6
0 5 14 0 7 16
5 0 0 0 13 7
14 0 0 18 2 0
0 0 18 0 12 1
7 13 2 12 0 0
16 7 0 1 0 0
6
0 0 5 0 0 3
0 0 0 0 8 0
5 0 0 0 0 7
0 0 0 0 0 0
0 8 0 0 0 0
3 0 7 0 0 0
6
0 16 10 19 0 6
16 0 20 10 2 13
10 20 0 13 1 16
19 10 13 0 0 8
0 2 1 0 0 0
6 13 16 8 0 0
6
0 0 9 0 3 0
0 0 0 9 0 1
9 0 0 0 10 0
0 9 0 0 0 4
3 0 10 0 0 0
0 1 0 4 0 0
6
0 3 3 9 3 6
3 0 7 7 20 10
3 7 0 4 0 2
9 7 4 0 13 0
3 20 0 13 0 0
6 10 2 0 0 0
6
0 8 10 0 0 0
8 0 3 0 0 0
10 3 0 0 0 0
0 0 0 0 0 10
0 0 0 0 0 0
0 0 0 10 0 0
6
0 196 196 196 196 196
196 0 196 196 196 196
196 196 0 196 196 196
196 196 196 0 196 196
196 196 196 196 0 196
196 196 196 196 196 0
6
0 14 0 9 0 12
14 0 0 4 0 10
0 0 0 3 17 19
9 4 3 0 14 14
0 0 17 14 0 9
12 10 19 14 9 0
6
0 0 0 7 14 11
0 0 16 13 0 5
0 16 0 17 16 0
7 13 17 0 18 16
14 0 16 18 0 0
11 5 0 16 0 0
6
0 246 0 243 915 0
246 0 566 808 243 388
0 566 0 0 0 0
243 808 0 0 244 0
915 243 0 244 0 228
0 388 0 0 228 0
6
0 10 17 17 6 18
10 0 20 2 9 0
17 20 0 18 14 10
17 2 18 0 10 0
6 9 14 10 0 4
18 0 10 0 4 0
6
0 0 935 36 12 421
0 0 0 215 105 582
935 0 0 453 997 0
36 215 453 0 503 949
12 105 997 503 0 0
421 582 0 949 0 0
6
0 3 13 16 8 0
3 0 0 7 0 4
13 0 0 8 14 1
16 7 8 0 8 18
8 0 14 8 0 7
0 4 1 18 7 0
6
0 20 10 20 0 9
20 0 0 0 19 0
10 0 0 5 4 0
20 0 5 0 2 12
0 19 4 2 0 2
9 0 0 12 2 0
6
0 3 7 5 3 1
3 0 1 10 1 10
7 1 0 4 6 3
5 10 4 0 10 5
3 1 6 10 0 4
1 10 3 5 4 0
6
0 6 13 5 5 20
6 0 2 13 13 16
13 2 0 19 1 10
5 13 19 0 9 13
5 13 1 9 0 0
20 16 10 13 0 0
6
0 5 9 0 7 12
5 0 9 7 12 17
9 9 0 9 4 8
0 7 9 0 16 3
7 12 4 16 0 17
12 17 8 3 17 0
6
0 10 17 18 20 14
10 0 19 0 2 0
17 19 0 20 0 0
18 0 20 0 14 1
20 2 0 14 0 1
14 0 0 1 1 0
6
0 784 341 33 950 19
784 0 596 571 177 700
341 596 0 127 776 226
33 571 127 0 359 972
950 177 776 359 0 309
19 700 226 972 309 0
6
0 15 9 7 11 0
15 0 1 8 12 18
9 1 0 12 15 5
7 8 12 0 3 6
11 12 15 3 0 16
0 18 5 6 16 0
6
0 0 529 79 921 173
0 0 497 490 442 0
529 497 0 0 667 0
79 490 0 0 474 690
921 442 667 474 0 248
173 0 0 690 248 0
6
0 312 768 529 475 964
312 0 172 762 403 277
768 172 0 578 216 22
529 762 578 0 93 663
475 403 216 93 0 554
964 277 22 663 554 0
6
0 250 406 898 78 36
250 0 120 444 201 552
406 120 0 155 175 501
898 444 155 0 660 0
78 201 175 660 0 712
36 552 501 0 712 0
6
0 0 18 18 0 12
0 0 4 8 15 0
18 4 0 19 13 13
18 8 19 0 7 17
0 15 13 7 0 6
12 0 13 17 6 0
6
0 0 0 10 10 15
0 0 5 10 19 15
0 5 0 3 10 0
10 10 3 0 8 17
10 19 10 8 0 5
15 15 0 17 5 0
6
0 797 868 811 197 644
797 0 288 88 754 465
868 288 0 813 394 164
811 88 813 0 96 181
197 754 394 96 0 142
644 465 164 181 142 0
6
0 0 0 910 628 603
0 0 330 839 873 498
0 330 0 230 0 724
910 839 230 0 986 177
628 873 0 986 0 0
603 498 724 177 0 0
6
0 0 0 0 0 174
0 0 228 458 46 106
0 228 0 575 851 741
0 458 575 0 978 0
0 46 851 978 0 563
174 106 741 0 563 0
6
0 586 447 894 971 396
586 0 264 566 318 440
447 264 0 617 445 568
894 566 617 0 842 803
971 318 445 842 0 539
396 440 568 803 539 0
6
0 3 11 18 1 0
3 0 9 10 2 17
11 9 0 0 3 0
18 10 0 0 11 10
1 2 3 11 0 3
0 17 0 10 3 0
6
0 903 727 746 739 676
903 0 0 829 230 0
727 0 0 877 607 0
746 829 877 0 596 756
739 230 607 596 0 0
676 0 0 756 0 0
6
0 0 0 12 20 0
0 0 15 0 17 14
0 15 0 20 0 18
12 0 20 0 7 5
20 17 0 7 0 19
0 14 18 5 19 0
6
0 232 232 232 232 232
232 0 232 232 232 232
232 232 0 232 232 232
232 232 232 0 232 232
232 232 232 232 0 232
232 232 232 232 232 0
6
0 3 17 11 10 0
3 0 13 0 10 3
17 13 0 0 9 0
11 0 0 0 1 3
10 10 9 1 0 5
0 3 0 3 5 0
6
0 0 0 4 0 15
0 0 8 4 10 2
0 8 0 19 3 15
4 4 19 0 11 9
0 10 3 11 0 6
15 2 15 9 6 0
6
0 1 14 18 14 0
1 0 17 9 17 0
14 17 0 7 16 9
18 9 7 0 18 14
14 17 16 18 0 9
0 0 9 14 9 0
